&title=[回]ダブルラリアット
&artist=アゴアニキ
&first=0
&wholebpm=138
&shortid=110281
&genreid=107
&genre=宴会場
&versionid=23
&version=PRiSM
&demo_seek=62
&demo_len=14
&clock_count=4


&lv_7=13?
&des_7=
&inote_7=(138){1},,
4h[2:15]/5h[2:15],,,,,,,
{4},,,2b/7b,
1>4[4:1],4<7[4:1],7>2[4:1],2>5[4:1],
5<8[4:1],8>3[4:1],3<6[4:1],6<1[4:1],
1>4[4:1],4<7[4:1],7>2[4:1],2>5[4:1],
5<8[4:1],8>3[4:1],3<6[4:1],6<1[4:1],
1>4[4:1],4<7[4:1],7>2[4:1],2>5[4:1],
5<8[4:1],8>3[4:1],3<6[4:1],6<1[4:1],
1>4[4:1],4<7[4:1],7>2[4:1],2>5[4:1],
5<8[4:1],8>3[4:1],3<6[4:1],6b,
8h[4:1],1h[4:1],2h[4:1],3h[4:1],
4h[4:1],5h[4:1],6h[4:1],7h[4:1],
8h[4:1],1h[4:1],2h[4:1],3h[4:1],
4h[4:1],5h[4:1],6h[4:1],7h[4:1],
{8}8,1,2,3,4,5,6,7,
8,1,2,3,4,5,6,7,
{16}8,1,2,3,4,5,6,7,8,1,2,3,4,5,6,7,
8,1,2,3,4,5,6,7,8,1,2,3,4,5,6,7,
8,1,2,3,4<8[2:1],,,,,,,,8>4[2:1],,,,
,,,,{2}4<8[2:1],8>4[2:1],
4<8[2:1],8>4[2:1],
4<8[2:1],8>4[2:1],
4<8[2:1],8>4[2:1],
4<8[2:1],{4}8>2[4:1],
2>4[4:1],4<6[4:1],6<8[4:1],8>2[4:1],
2>5[4:1],5<8[4:1],8>3[4:1],3<7[4:1],
7>3[4:1],3<7[4:1],7>3[4:1],3<7[4:1],
{16}7,8,1,2,3,4,5,6,7,8,1,2,3,4,5,6,
{24}7b,8,1,2,3,4,5,6,7,8,1,2,3,4,5,6,7,8,1,2,3,4,5,6,
7,8,1,2,3,4,5,6,7,8,1,2,3,4,5,6,7,8,1,2,3,4,5,6,
7,8,1,2,3,4,5,6,7,8,1,2,3,4,5,6,7,8,1,2,3,4,5,6,
7,8,1,2,3,4,5,6,7,8,1,2,3,4,5,6,7,8,1,2,3,4,5,6,
7,8,1,2,3,4,6,7,8,1,2,3,5,6,7,8,1,2,4,5,6,7,8,1,
3,4,5,6,7,8,2,3,4,5,6,7,1,2,3,4,5,6,8,1,2,3,4,5,
7,8,1,2,3,4,6,7,8,1,2,3,5,6,7,8,1,2,4,5,6,7,8,1,
3,4,5,6,7,8,2,3,4,5,6,7,1,2,3,4,5,6,8,1,2,3,4,5,
{32}7b,8,1,2,3,4,5,6,7,8,1,2,3,4,5,6,7,8,1,2,3,4,5,6,7,8,1,2,3,4,5,6,
7,8,1,2,3,4,5,6,7,8,1,2,3,4,5,6,7,8,1,2,3,4,5,6,7,8,1,2,3,4,5,6,
7,8,1,2,3,4,5,6,7,8,1,2,3,4,5,6,7,8,1,2,3,4,5,6,7,8,1,2,3,4,5,6,
7,8,1,2,3,4,5,6,7,8,1,2,3,4,5,6,7,8,1,2,3,4,5,6,7,8,1,2,3,4,5,6,
7b,8,1,2,3,4,5,6,8b,1,2,3,4,5,6,7,1b,2,3,4,5,6,7,8,2b,3,4,5,6,7,8,1,
3b,4,5,6,7,8,1,2,4b,5,6,7,8,1,2,3,5b,6,7,8,1,2,3,4,6b,7,8,1,2,3,4,5,
7b,8,1,2,3,4,5,6,8b,1,2,3,4,5,6,7,1b,2,3,4,5,6,7,8,2b,3,4,5,6,7,8,1,
3b,4,5,6,7,8,1,2,4b,5,6,7,8,1,2,3,5b,6,7,8,1,2,3,4,{48}6bx,7x,8x,1x,2x,3x,4x,5x,6x,7x,8x,1x,
2hx[4:29]/3hx[8:59],
E

