&title=[息]ノンブレス・オブリージュ
&artist=ピノキオピー
&first=0
&wholebpm=148
&shortid=111597
&genreid=107
&genre=宴会場
&versionid=22
&version=BUDDiES PLUS
&demo_seek=61.53
&demo_len=26.66
&clock_count=4


&lv_7=13+?
&des_7=
&inote_7=(148){1},
7<2[4:7],,,
3q5[1:1],,
{16}3,4,3,4,3,4,3,4,2,4,3,4,3,4,3,4,
3,4,3,4,3,4,3,4,2,4,3,4,3,4,3,4,
3,4,3,4,3,4,3,4,2,4,3,4,3,4,3,4,
3,4,3,4,3,4,3,4,2,4,3,4,3,5,4,4,
6,5,6,5,6,5,6,5,7,5,6,5,6,5,6,5,
6,5,6,5,6,5,6,5,7,5,6,5,6,5,6,5,
6,5,6,5,6,5,6,5,7,5,6,5,6,5,6,5,
6,5,6,5,6,5,6,5,7,5,6,5,6h[8:1],,5h[8:1],,
4h[8:1],,3h[8:1],,2h[8:1],,1h[8:1],,8h[8:1],,7h[8:1],,6h[8:1],,5,5,
4h[8:1],,3h[8:1],,2h[8:1],,1h[8:1],,8h[8:1],,7,7,6h[8:1],,5h[8:1],,
{8}4h[8:1],3h[8:1],2h[8:1],1h[8:1],8h[8:1],7h[8:1],6h[8:1],5h[8:1],
{16}4h[8:1],,3h[8:1],,2h[8:1],,1h[8:1],,8h[8:1],,7,7,6h[8:1],,5,,
7,5,7,5,7,5,7,5,6,5,6,5,8,5,8h[8:1],,
2,4,2,4,2,4,2,4,3,4,3,4,1,4,1h[8:1],,
7,5,7,5,7h[8:1],,2,4,2,4,3,5,3h[8:1],,4,,
6h[8:1],,5,,3,4,3,4,3,4,3,,2/5,,2/5,,
3/6,,4/7,,6,5,6,5,7,4,7,4,6,5,6,,
7/8,,1/2,,3,4,3,4,3,4,3,,2/5,,2/5,,
3/6,,4/7,,6,5,6,5,7,4,7,4,6,5,6,,
7/8,,1/2,,3,4,3,4,3,,3/4,,1/2,,7/8,,
5/6,,4/7,,6,5,6,5,6,,5/6,,7/8,,1/2,,
3/4,,2/5,,3,4,3,4,3,,3/4,,1/2,,7/8,,
5/6,,5/6,,7,8,7,8,7,,7/8,,5/6,,3/4,,
1/2,,1/8,,2/7,2h[16:5]/7h[16:5],,,,,,,8b,,8b,,
2,1,2,1,2,1,2,1,2,8,2,8,2,8,2,8,
2,1,2,1,2-6[8:1],1,2,1,2h[4:1],,,,7,,7,,
7,8,7,8,7,8,7,8,7,1,7,1,7,1,7,1,
7,8,7,8,7-3[8:1],8,7,8,7h[4:1],,,,2,4,2,4,
1,4,1h[8:1],,7,5,7,5,8,5,8h[8:1],,3,4,2h[8:1],,
6,5,7h[8:1],,3,4,2h[8:1],,6,5,6,5,7,7,5,5,
4,4,2h[8:1],,4,4,3,3,5h[4:1],,,,4,3,2,1,
8,7,6,5,4,3,2,1,8b,,,,,,,,
1b,7,3,7,3,7,5b,7,3,7,3,7,1b,7,3,7,
3,7,5b,7,3,7,2,6,{24}1b,5,1,5,1,5,1,5,1,5,1,5,
1,5,1,5,1,5,1>6[8:3],5,1,5,1,5,{8}1,,,8<3[8:3],
{16}8,,1,,,,,,2h[16:3],,,3h[16:3],,,4,,
{8}4>1[8:1],,,8,7,6,5,4,
{16}3h[16:3],,,4h[16:3],,,5-1[8:1],,,,,,,,2h[8:1]/4h[8:1],,
,,{4}5h[8:1]/7h[8:1],3h[8:1]/4h[8:1],5h[8:1]/6h[8:1],{8}2h[8:1]/4h[8:1],
,5/7,5/7-3[8:1],,2,2,1,1,
{16}8b,2,6,2,6,2,4b,2,6,2,6,2,8b,2,6,2,
6,2,4b,2,6,2,7,3,{24}8b,4,8,4,8,4,8,4,8,4,8,4,
8,4,8,4,8,4,8<3[8:3],4,8,4,8,4,{8}8,,,1V35[8:3],
{16}1,,8,,,,,,8h[16:3],,,6h[16:3],,,5,,
1h[16:3],,,3h[16:3],,,4,,5h[16:3],,,7h[16:3],,,8,,
4h[16:3],,,2h[16:3],,,1,,1-5[8:1],,,,,,6,,
6h[16:3],,,7h[16:3],,,8,,1h[16:3],,,2h[16:3],,,3,,
{1}3<6[2:1],
{16}1,8,8,8,8,8,1,8,8,8,8,8,1,8,8,8,
8,8,1,8,8,8,8,8,1,8,8,8,8,8,1,8,
8,8,8,8,1,8,8,8,8,8,1,8,8,8,8,8,
1,8,8,8,8,8,1,8,8,8,8,8,1,8,8,8,
8,8,1,8,8,8,8,8,1,8,8,8,8,8,1,8,
8,8,8,8,1,8,8,8,8,8,1,8,8,8,8,8,
1,8,8,8,8,8,1,8,8,8,8,8,1,8,8,8,
8,8,1,8,8,8,8,8,1,8,8,8,2b,,,,
4,5,5,5,5,5,4,5,5,5,5,5,4,5,5,5,
5,5,3,5,5,5,5,5,3,5,5,5,5,5,3,5,
5,5,5,5,2,5,5,5,5,5,2,5,5,5,5,5,
2,5,5,5,5,5,1,5,5,5,5,5,1,5,5,5,
5,5,1,5,5,5,5,5,8,5,5,5,5,5,8,5,
5,5,5,5,8,5,5,5,5,5,7,5,5,5,5,5,
7,5,5,5,5,5,7,5,5,5,5,5,6<4[4:3]b,5,5,5,
{1}4b,
{16}2,5,3,5,3,5,2,5,3,5,3,5,2,5,3,5,
3,5,2,5,3,5,3,5,{24}4,4,4,4,4,4,4,4,4,4,4,4,
4,4,4,4,4,4,4>7[8:3],4,4,4,4,4,{8}4,,,5,
{16}5,,4h[4:1]/6h[4:1],,,,,,7h[16:3],,,6h[16:3],,,5,,
2h[16:3],,,3h[16:3],,,4,,7h[16:3],,,6h[16:3],,,5,,
4h[16:3],,,3h[16:3],,,2,,2h[8:3],,,,,,3,,
3h[16:3],,,2h[16:3],,,1,,6h[16:3],,,7h[16:3],,,8V64[4:1],,
,,,,,,2,,2h[16:3],,,3h[16:3],,,4hb[8:13],,
{1},
{2},E5,
E

